0.3997
0.3377
0.3093
0.2885
0.2709
0.2566
0.2390
0.1763
0.1486
0.1362
0.1302
0.1163
0.1090
0.1011
0.0835
0.0781
0.0851
0.0837
0.0755
0.0773
0.0792
0.0793
0.0727
0.0757
0.0760
0.0766
0.0776
0.0779
0.0731
0.0744
0.0683
0.0699
0.0688
0.0760
0.0714
0.0740
0.0677
0.0715
0.0729
0.0717
0.0713
0.0738
0.0740
0.0762
0.0754
0.0807
0.0776
0.0718
0.0725
0.0792
0.0764
0.0762
0.0680
0.0768
0.0715
0.0711
0.0728
0.0756
0.0742
0.0755
0.0734
0.0739
0.0721
0.0727
0.0708
0.0713
0.0761
0.0752
0.0750
0.0741
0.0707
0.0727
0.0717
0.0818
0.0757
0.0719
0.0731
0.0716
0.0738
0.0752
0.0756
0.0767
0.0677
0.0762
0.0738
0.0720
0.0732
0.0724
0.0699
0.0724
0.0767
0.0753
0.0736
0.0752
0.0752
0.0756
0.0696
0.0665
0.0757
0.0708
