0.8107
0.8179
0.8194
0.8247
0.8277
0.8257
0.8265
0.8350
0.8363
0.8403
0.8373
0.8429
0.8425
0.8427
0.8440
0.8449
0.8438
0.8479
0.8437
0.8457
0.8459
0.8445
0.8431
0.8443
0.8437
0.8470
0.8450
0.8450
0.8422
0.8451
0.8474
0.8442
0.8466
0.8428
0.8469
0.8457
0.8457
0.8446
0.8502
0.8461
0.8432
0.8448
0.8466
0.8445
0.8434
0.8489
0.8444
0.8456
0.8448
0.8430
0.8421
0.8440
0.8490
0.8458
0.8483
0.8483
0.8434
0.8479
0.8449
0.8448
0.8458
0.8463
0.8433
0.8458
0.8452
0.8442
0.8460
0.8447
0.8435
0.8466
0.8440
0.8454
0.8486
0.8493
0.8445
0.8465
0.8455
0.8431
0.8472
0.8440
0.8455
0.8465
0.8487
0.8439
0.8408
0.8480
0.8432
0.8473
0.8447
0.8459
0.8446
0.8479
0.8434
0.8441
0.8483
0.8429
0.8430
0.8465
0.8442
0.8437
