0.4733
0.4439
0.4309
0.4192
0.4062
0.4050
0.3953
0.3734
0.3640
0.3595
0.3598
0.3554
0.3560
0.3541
0.3493
0.3475
0.3522
0.3503
0.3502
0.3501
0.3487
0.3464
0.3500
0.3501
0.3499
0.3468
0.3476
0.3436
0.3485
0.3474
0.3458
0.3453
0.3478
0.3482
0.3461
0.3519
0.3458
0.3477
0.3438
0.3442
0.3469
0.3468
0.3469
0.3455
0.3506
0.3448
0.3468
0.3463
0.3472
0.3505
0.3504
0.3485
0.3469
0.3460
0.3491
0.3455
0.3467
0.3447
0.3509
0.3465
0.3467
0.3440
0.3476
0.3460
0.3455
0.3450
0.3469
0.3478
0.3476
0.3448
0.3471
0.3465
0.3459
0.3437
0.3468
0.3431
0.3466
0.3455
0.3457
0.3498
0.3446
0.3477
0.3451
0.3507
0.3507
0.3467
0.3496
0.3437
0.3487
0.3446
0.3472
0.3463
0.3504
0.3459
0.3478
0.3473
0.3463
0.3474
0.3462
0.3474
