0.3025
0.2485
0.2313
0.2182
0.2046
0.1938
0.1802
0.1396
0.1224
0.1075
0.1036
0.0951
0.0857
0.0772
0.0712
0.0678
0.0649
0.0685
0.0650
0.0577
0.0622
0.0586
0.0595
0.0613
0.0559
0.0636
0.0608
0.0572
0.0610
0.0575
0.0634
0.0556
0.0578
0.0592
0.0636
0.0597
0.0569
0.0590
0.0546
0.0621
0.1426
0.1328
0.1267
0.1212
0.1134
0.1026
0.1005
0.0643
0.0427
0.0396
0.0323
0.0261
0.0268
0.0182
0.0146
0.0150
0.0118
0.0125
0.0119
0.0139
0.0116
0.0120
0.0129
0.0088
0.0097
0.0114
0.0129
0.0117
0.0096
0.0114
0.0116
0.0110
0.0132
0.0098
0.0102
0.0120
0.0111
0.0106
0.0117
0.0127
0.0118
0.0116
0.0094
0.0101
0.0119
0.0112
0.0099
0.0114
0.0116
0.0121
0.0089
0.0106
0.0096
0.0096
0.0115
0.0110
0.0092
0.0118
0.0106
