0.8748
0.8972
0.9018
0.9075
0.9156
0.9208
0.9281
0.9457
0.9506
0.9595
0.9612
0.9626
0.9667
0.9716
0.9740
0.9757
0.9759
0.9760
0.9769
0.9803
0.9767
0.9773
0.9793
0.9789
0.9807
0.9776
0.9773
0.9794
0.9784
0.9803
0.9759
0.9804
0.9794
0.9795
0.9782
0.9784
0.9790
0.9793
0.9809
0.9769
0.9456
0.9489
0.9498
0.9548
0.9556
0.9609
0.9619
0.9789
0.9840
0.9868
0.9893
0.9913
0.9910
0.9942
0.9954
0.9957
0.9969
0.9965
0.9966
0.9954
0.9961
0.9969
0.9963
0.9974
0.9972
0.9965
0.9965
0.9963
0.9971
0.9967
0.9962
0.9968
0.9963
0.9974
0.9965
0.9962
0.9968
0.9970
0.9967
0.9963
0.9967
0.9967
0.9974
0.9974
0.9974
0.9962
0.9969
0.9971
0.9962
0.9961
0.9977
0.9968
0.9976
0.9972
0.9959
0.9969
0.9972
0.9960
0.9968
