0.8261
0.8436
0.8556
0.8607
0.8696
0.8712
0.8760
0.8992
0.9119
0.9179
0.9205
0.9242
0.9296
0.9344
0.9417
0.9401
0.9412
0.9411
0.9436
0.9461
0.9467
0.9420
0.9439
0.9475
0.9443
0.9464
0.9432
0.9443
0.9432
0.9461
0.9436
0.9486
0.9471
0.9435
0.9460
0.9463
0.9464
0.9432
0.9437
0.9436
0.9439
0.9475
0.9468
0.9417
0.9441
0.9457
0.9443
0.9468
0.9445
0.9455
0.9495
0.9431
0.9439
0.9475
0.9458
0.9464
0.9436
0.9426
0.9451
0.9460
0.9460
0.9449
0.9472
0.9446
0.9427
0.9456
0.9445
0.9469
0.9454
0.9443
0.9444
0.9475
0.9457
0.9447
0.9452
0.9434
0.9448
0.9450
0.9482
0.9469
0.9442
0.9443
0.9464
0.9461
0.9443
0.9421
0.9480
0.9461
0.9485
0.9460
0.9450
0.9445
0.9456
0.9465
0.9447
0.9454
0.9475
0.9461
0.9454
0.9484
