0.4025
0.3491
0.3312
0.3227
0.3060
0.2989
0.2926
0.2415
0.2191
0.2092
0.1993
0.1919
0.1799
0.1716
0.1574
0.1611
0.1552
0.1519
0.1521
0.1494
0.1479
0.1520
0.1479
0.1467
0.1486
0.1406
0.1487
0.1468
0.1496
0.1469
0.1503
0.1438
0.1448
0.1503
0.1459
0.1480
0.1456
0.1495
0.1484
0.1524
0.1488
0.1441
0.1448
0.1521
0.1537
0.1471
0.1484
0.1430
0.1470
0.1440
0.1427
0.1492
0.1499
0.1421
0.1461
0.1445
0.1513
0.1433
0.1473
0.1488
0.1500
0.1462
0.1463
0.1489
0.1491
0.1487
0.1470
0.1430
0.1465
0.1484
0.1453
0.1453
0.1442
0.1514
0.1467
0.1460
0.1475
0.1498
0.1424
0.1432
0.1488
0.1472
0.1450
0.1437
0.1473
0.1462
0.1423
0.1505
0.1413
0.1458
0.1486
0.1435
0.1473
0.1435
0.1426
0.1497
0.1436
0.1449
0.1468
0.1428
