0.8296
0.8536
0.8670
0.8798
0.8864
0.8956
0.9032
0.9318
0.9462
0.9480
0.9528
0.9579
0.9615
0.9655
0.9719
0.9724
0.9713
0.9727
0.9748
0.9734
0.9733
0.9743
0.9763
0.9749
0.9738
0.9716
0.9722
0.9734
0.9758
0.9747
0.9757
0.9772
0.9761
0.9738
0.9773
0.9752
0.9771
0.9746
0.9762
0.9768
0.9775
0.9736
0.9750
0.9741
0.9752
0.9737
0.9739
0.9751
0.9735
0.9747
0.9737
0.9746
0.9763
0.9736
0.9757
0.9761
0.9745
0.9757
0.9744
0.9745
0.9765
0.9741
0.9762
0.9756
0.9763
0.9749
0.9733
0.9761
0.9745
0.9729
0.9760
0.9755
0.9758
0.9720
0.9735
0.9755
0.9759
0.9764
0.9739
0.9728
0.9747
0.9744
0.9773
0.9741
0.9770
0.9749
0.9761
0.9749
0.9752
0.9752
0.9736
0.9743
0.9753
0.9749
0.9756
0.9735
0.9776
0.9785
0.9751
0.9762
